Area_of_interest = [(
      145,
      295
    ),
    (
      191,
      326
    ),
    (
      242,
      361
    ),
    (
      311,
      405
    ),
    (
      385,
      451
    ),
    (
      478,
      504
    ),
    (
      578,
      560
    ),
    (
      693,
      617
    ),
    (
      807,
      669
    ),
    (
      924,
      718
    ),
    (
      296,
      719
    ),
    (
      210,
      595
    ),
    (
      148,
      490
    ),
    (
      110,
      414
    ),
    (
      87,
      361
    ),
    (
      72,
      326
    )]