excluded_area = [
    (
      248,
      250
    ),
    (
      338,
      281
    ),
    (
      427,
      305
    ),
    (
      502,
      319
    ),
    (
      538,
      334
    ),
    (
      504,
      488
    ),
    (
      530,
      508
    ),
    (
      559,
      513
    ),
    (
      582,
      488
    ),
    (
      666,
      375
    ),
    (
      872,
      451
    ),
    (
      1033,
      504
    ),
    (
      1181,
      546
    ),
    (
      1279,
      572
    ),
    (
      1278,
      304
    ),
    (
      710,
      219
    ),
    (
      553,
      178
    ),
    (
      401,
      164
    )
  ]
